050007210080000000602090000300410000008302400000075006000040508000000090019200060
060050090008600000904001000000006040240000037010900000000800206000004500090020010
870000609000309000002000008405023100000000000006410902600000400000201000203000095
007006000204000800900050000600017030000208000030690004000060002008000509000100600
300005070140900000760030040400002000001000600000100003070090032000006089020700006
790080300080400000020905000000000850008030400057000000000109030000007060001020097
030000060009006420200300000005080000300541009000090300000004001058100600020000070
050007800002008390000360000010002000490000057000800010000045000065700400007100030
001300000300000009040009071060080000003672400000040030680200090100000005000007200
080460900070009000400012000009000043040000020650000800000170009000800060007046010
000100030190000026003200040600050300000408000009030008030004700420000069080007000
000800009701900006000070004000026070002000300040310000100090000200005608500002000
003090680400300092000000005500009000042000860000200004300000000780001003061070200
000000800000400095000350210800040700900708006005030009043079000270004000001000000
900007040020030900100002600200001000005070300000600005006900001001080070040700008
000070000050809400920063010000000806500000001102000000070250083006108050000090000
400050080030049500005100000206000000100508009000000706000006400003410060010030002
000000040360804002090020300900000810000703000052000003006010080800902057040000000
620010400005000610007004008000002060100000003030700000400900300053000800006050094
080700000600502004040600050050000302800000001207000040090008060400901008000005030
000040000009801003047000005006402018000000000190507200900000430700308600000050000
000200005000040069340000010070051002000080000600420050050000096430070000100005000
001002000009703000430000008700006500060507040002900003800000015000809600000200400
000003600900000070402600000000007953009000200154300000000009806040000007003800000
170002000800900050040800000260000008080705010700000032000007090030006001000400026
060903000000006070250400060430000090600000007020000015070004056080600000000809030
007036008006002000000900500080050207020000090901040030003001000000400700100790400
000954800000000152000000400003007001010090040800200600009000000368000000004578000
003004082000000000002100703090002000200759001000800070408007600000000000670900400
005000000900040800040507690703000080000902000090000104021408070007030006000000500
020000800750200001000053002000072008060000010100590000200960000400001079001000040
085030060000450000000001570704000000050000020000000306039100000000024000060070430
000002700008000509050000610510040070000090000070030024082000090605000400001700000
000040501001906000600000040300700905000050000507003002070000003000608400904020000
000000000903607082000084006038000014000000000410000870800290000270501908000000000
004009000000500200009064005020090506060000010401070080800320400007006000000100300
000050008080006000001300060006400280005060700012003600070002100000600050300080000
900006000020000054070140000300800100008020600006001005000053090260000030000600008
007000301000506008002040000000005406000493000205100000000070500300609000809000100
008001000200050080501980003900200000070000060000008007600093208040010005000500900
050007210080000000602090000300410000008302400000075006000040508000000090019200060
000001408009520001000003000007000002086040390200000800000900000300072100908400000
000500006080600100000030570009400001300908004400007900072090000006003010500001000
100079080000000019000800400000450200600000003009063000007002000460000000050790002
000900063400000008020857000800000300260000095003000004000413050700000006150009000
000704039000003000750000000030010402040000050809030060000000027000800000680302000
750008000000650010062003000009002007080000020100800300000300450090061000000400068
700006020610040300000001000008020004300104002100070500000400000002030018070200005
000600100040090600050004700082001030900000001060200870003900080006080040005007000
000040000500106080976300000028000000010503060000000310000002635050801004000060000
100065800000000930604020000005100002060000090400003500000030207047000000001780003
090500300600070100051000092400200000009000700000003006580000610006050008004001070
810930000073000002200007000000700010006050800030008000000300008500000240000026075
004052900070400000800000501000000004600701008900000000706000003000007010001320400
065700000000000000890500012000090001204000305900070000650003084000000000000009230
001500002000906000000032040067000804040000050902000630070210000000703000400005900
038004700000009000900000035300090456000000000485060003570000008000100000003600940
470060000030001050001003000300400200580000094002008007000700900050200060000090075
000300000000050020621000070000200940300908001017005000030000498080090000000006000
620000410000300070407020000206500000000030000000009504000040901010008000034000067
010002400040007000520000037004080005000901000900040300350000021000600090006100040
270008046080002001000040000090000000008526300000000050000030000900600070120400068
040065000020000470800020006150007000002000600000500093500070009017000040000390060
080000065000290008103400000050900000008000600000001070000004907700013000830000040
701020003500009000090000040410080700300000006005070014050000060000900008200040507
000601320581003000000050000002500001040000030800009400000040000000900687027308000
045000000200007000709060800800050040000974000090010002001040607000800003000000150
800002090900005001004030060000050903030000070208070000080040600100300004060900008
005002000000700900002015070900020710100000008058060004040390500006001000000800300
690100500040830600700000000002004000850000014000600200000000008004021050001009032
010048000007600080000000103005100000403070906000006200706000000090005400000820070
000000020000020700000107846000004083004205900620800000275608000001090000040000000
502000790006000034000090200060100000800306007000004060009080000130000600084000501
000200000081630000600009704000040906030000040905020000108300007000078190000005000
000087009000006250000100380500000040000214000090000006073008000062900000900420000
000900340800002001000050006098370200000000000003025690400010000700600008015007000
300010000026000001000006004907800020001090800080002903600900000500000270000070009
000700001051030000390000502039600000000070000000004650705000019000050420200008000
048009000700600003200050000006018390000000000092560800000070004300002001000100570
000400006000000270004016050000370001003000700400052000090160800081000000200009000
780005400400070000000604000001400009240000031600002800000507000000020003009300045
005600010000000003030009072000012600002508300006790000170300050900000000060001700
000060050500000000806200710400050820900000006052040001065007403000000002040030000
000070000290000080030041009120600500007000300009008062500190040070000056000020000
000630005091000020000000807008007003000384000300500700109000000080000410200069000
000050306050000000680307000000500009079020540200001000000809013000000050407060000
039510084070000050000000003000400001000738000400002000100000000060000020380091560
100080700000000005000009406829300600000402000004008532302100000900000000006050007
100092800600000000000070395040760000007000200000018040928050000000000003003480002
000010050009076000100800300603000007201000904800000605005002006000690400030080000
000200081004300000600000070009047005007000800400130700050000004000005600720004000
300609000006050040900000006000048730090000060035170000700000003060020800000704001
310020400600304000700100000000000105009060800508000000000009008000503002006080013
301000800070000650060080003008040001000107000100090200900060040054000090003000106
005900100070006000600310050700000020400060008030000007080043002000600080007008500
006070300500100600400608000700000000109080706000000009000709004002004003007030800
000590080854002000309070000698000000000000000000000643000040706000800125020056000
029000006010800500300007002006200000030000070000001400900100003003008040500000290
400070000800400003007100800005000004904050706100000900009004100600002009000030005
400001380080027050001000000000005040050080020030200000000000500010630070073100002
050700006800025007036000100000200030000801000090007000009000680500370009300009070
800041006000000000630800040200100050060407020090002003050006081000000000900370002
000046009003900000010000060700020400045010820009060001050000040000004200400870000
002007008000000040874900000047620000003000100000015270000008429090000000200100800
060800009020005000050070008400200013002000700630001005800030050000600090300007040
089010000000570000130000800024001000800000003000800450001000079000045000000060540
020000003000800029000052400072360000800000007000085940009570000140008000300000060
079000600008070029100800300090200000500000007000003050005004008840060900001000560
900600001020000570000970020200704000090000010000108006050047000063000040800006003
000300001005080903000000670070060005000739000100040090064000000308070400200005000
000760000000038900001009570400000710010000080072000003053800100009510000000042000
014009000009730000030024000900070300200000007003040008000260090000097600000400850
500201080000600004260007100300000800002000900008000007004300091600002000010405003
060001000802070090009000500008004970000090000016300800007000400050030209000100080
030001000020000075009004800000032007010090050500180000004300600350000020000700040
007208000080400100930000000100700002706000504500001008000000069009002070000906800
090001000405090003003520000000800067009000400150002000000036200300080506000100070
020007300000093205500000800700004500000309000008600009005000003302710000007200080
000370000069050000510000600024005000600000001000600430005000079000080340000043000
041360000000000000060009021600000314400000002927000008830500090000000000000046230
040006009000000600503100208000203050005000900030805000804001302006000000100900070
609007080040600001000050700006020000900030004000070300008010000700004020050700408
704006000003120000200035000040060900010000050009010020000650009000091200000200608
000502001027000000065090800000100009804000506700006000001020980000000130200408000
000000000006000801000819002000583400008000900001794000700146000509000200000000000
009002030001050900000809040000000050095080620060000000040605000008010500010400700
000000500005479000106050009047008060000000000060900230600040302000631800001000000
700006830000079000040000007500000300300425008009000002200000080000760000098500006
001530000003000850000709002709000030000010000010000206900805000045000600000072500
002900017003010000000000405000092050900050008060430000701000000000060500230004100
070400300140030070900067000000003000401000809000200000000950002050020017006004050
000930000300000400025800003050000001200174005700000090800001920002000007000083000
067002400009307010000000700700800003000203000800001002005000000020409800006100290
000008370001000502600500000100054000009030600000620007000005001208000900046200000
000009062000004000700200480012000950040000010037000620074006009000700000560100000
401020000003960000000008350005000083010000060690000200027600000000052800000010605
030006190090010000100004006008300000501000603000008400200700008000050030059800070
000700000030200009002080046400030900800407002006020007140070800300001020000004000
000060010600800700270000008400908000003000800000301009900000063004007002020040000
000003060095000040003072900800010400000305000007040001008260500050000610040500000