620000410000300070407020000206500000000030000000009504000040901010008000034000067
000002700008000509050000610510040070000090000070030024082000090605000400001700000
000003600900000070402600000000007953009000200154300000000009806040000007003800000
502000790006000034000090200060100000800306007000004060009080000130000600084000501
004052900070400000800000501000000004600701008900000000706000003000007010001320400
810930000073000002200007000000700010006050800030008000000300008500000240000026075
620010400005000610007004008000002060100000003030700000400900300053000800006050094
068020000040003000001000270030140500000090000004032080086000400000400010000050720
000704039000003000750000000030010402040000050809030060000000027000800000680302000
000003600900000070402600000000007953009000200154300000000009806040000007003800000
030000060009006420200300000005080000300541009000090300000004001058100600020000070
093400800007000003000020040060802000900000004000601070070060000100000900006008230
000096004020100000703020010000900076040000030570002000080050907000009040100470000
068020000040003000001000270030140500000090000004032080086000400000400010000050720
068020000040003000001000270030140500000090000004032080086000400000400010000050720
068020000040003000001000270030140500000090000004032080086000400000400010000050720
068020000040003000001000270030140500000090000004032080086000400000400010000050720
068020000040003000001000270030140500000090000004032080086000400000400010000050720
